5.000000000000000000e-01 6.971005848240873111e-03 9.982256747047725878e-03 1.266473755145169910e-02 1.238084316321732409e-02 4.601007487754503293e-03 1.550068355677897136e-02 3.613481908574889788e-03 2.154758461586323698e-02 1.618204060630238847e-02 1.255934732700859924e-02 5.203101663862657461e-03 2.078048611244204952e-02 9.926800537331286617e-03 1.700859472932088334e-02 8.356557173481962003e-03 3.204534027885310582e-02 1.711426321529592454e-02 1.555247571727141551e-02 1.276380873515362870e-02 1.001952712667936347e-02 1.345531318051611247e-02 5.086503692930588807e-03 1.337098974543069960e-02 4.779466428437374563e-03 6.136441069587930328e-03 9.431798552706231395e-03 1.177072906060619775e-02 7.551731776627214690e-03 4.149567529509658181e-03 7.619728826900057199e-03 1.029206436291490480e-02 1.243281652750172044e-02 1.349460623366125975e-02 1.032297982960566490e-02 1.661925982786657124e-02 1.247317682167824009e-02 9.161081888249407792e-03 1.304479091501558122e-02 5.779774046535707255e-03 9.595251285636808430e-03 1.322252510996855049e-02 9.933196065080678733e-03
6.971005848240873111e-03 5.000000000000000000e-01 2.680648127100703632e-02 9.108135824409998443e-03 6.641045290580627203e-03 2.297887394164434618e-02 5.620819810456380294e-02 1.573161809627935878e-02 1.047518920855640759e-02 7.034409642934374290e-03 4.065116070417098063e-03 1.078588377741593676e-02 8.642231619613551657e-03 6.863804948850565218e-03 6.826448432628199475e-03 8.022300697029909056e-03 3.720334242347380499e-03 7.224567834447508802e-03 3.129717943599856847e-03 3.114088457265900157e-03 6.921934947881081164e-03 7.730808966386800915e-03 1.318658974336222797e-02 3.057703839660151461e-03 1.094021991455053182e-02 9.765535346421036489e-03 3.332513737048085900e-02 6.605628505719865831e-03 9.406977622128335353e-03 7.529460075674011821e-02 5.249456405342873416e-03 6.931108982320110731e-03 5.934883706668028086e-03 9.021482794705999730e-03 7.608515354176081415e-03 6.367592396313556669e-03 1.102292692814160757e-02 7.476383470118728308e-03 2.971021565889039959e-03 7.622554872313932160e-03 8.902043767099451776e-03 1.320651808945520062e-02 5.776969071592211180e-03
9.982256747047725878e-03 2.680648127100703632e-02 5.000000000000000000e-01 1.334579910078829632e-02 1.039046565795329405e-02 5.557935468030806778e-03 1.318337901326400996e-02 5.676790009523283338e-03 1.219267483125101997e-02 1.511724508113311896e-02 1.010218055936354387e-02 4.922714942889781786e-03 9.914729132868074779e-03 1.542989966252785936e-02 9.889219988426794714e-03 1.281380654328587686e-02 1.250227727222492924e-02 1.360446764868478500e-02 1.058394713775544400e-02 9.091425068763713674e-03 1.260993546748756175e-02 1.386994078338797676e-02 7.516652167312709229e-03 9.850138930425685752e-03 4.143249661927085083e-03 9.574725986109651477e-03 3.018458685943235451e-02 1.335378668661446264e-02 1.069631250983748422e-02 6.151950038311601934e-03 2.480742936832073392e-02 1.232273096782472016e-02 9.822100882851222958e-03 1.222322240142719244e-02 1.083113091039820605e-02 7.160764608605053524e-03 9.510714242869346136e-03 1.339563279441134333e-02 8.915680606966616337e-03 8.462858063633144079e-03 9.426240886757083354e-03 9.240941264154430013e-03 1.914313180249820057e-02
1.266473755145169910e-02 9.108135824409998443e-03 1.334579910078829632e-02 5.000000000000000000e-01 1.295058867632123759e-02 1.438308823719570279e-02 1.456296336120983803e-02 7.869641786759938584e-03 1.336705185209385340e-02 1.768289230540017951e-02 9.329172825019797430e-03 7.931999501684203202e-03 1.469729692628438632e-02 1.373778496585257441e-02 1.200106699780561885e-02 4.601073565048795222e-02 1.233059678043930615e-02 1.656781297052579982e-02 9.090015941587797216e-03 8.607726052350172380e-03 1.545710290319000924e-02 3.406828867612787803e-02 9.103922858989584727e-03 8.838356363424853049e-03 9.172226209215688514e-03 2.826284088479501244e-02 8.719009886631622075e-03 1.279640404854541502e-02 1.576805996279076472e-02 6.263735516353461166e-03 8.136498684938044471e-03 1.483269247857956982e-02 1.389642000939608768e-02 1.659661657848982008e-02 8.532538794124206599e-03 7.010564170510800303e-03 1.291002686269221086e-02 1.329624183709736396e-02 8.365327566315810745e-03 1.165460589843133297e-02 1.190769915786572819e-02 1.536819057735587177e-02 1.141070758634459698e-02
1.238084316321732409e-02 6.641045290580627203e-03 1.039046565795329405e-02 1.295058867632123759e-02 5.000000000000000000e-01 7.355113491022855117e-03 7.822976426912493786e-03 1.265190456818663864e-02 8.856879231466273025e-03 1.070940729270827493e-02 1.147677703053022122e-02 5.157506225294294575e-03 1.230386223647571969e-02 1.278167069540455877e-02 1.412893637865571955e-02 1.265512529809766258e-02 1.060432464204501962e-02 1.294659252852345746e-02 1.517563313374832579e-02 1.849754457548336700e-02 1.056909194529933108e-02 9.873334523989849010e-03 7.818900155089791859e-03 1.504452583981629767e-02 1.501809132809852829e-02 9.039234828946302383e-03 1.000068440214540652e-02 1.675426346186903448e-02 2.993214914253826409e-02 6.137773497526338717e-03 1.078861645645470477e-02 1.217120686529216990e-02 1.723743634399369645e-02 1.233672750033542979e-02 9.651002576435228214e-03 4.835397906866849803e-03 2.354312049115232786e-02 1.298728502824866154e-02 1.447830051432816983e-02 5.182451822033973254e-03 1.568063921587256604e-02 1.191702278455454914e-02 1.403424805187154789e-02
4.601007487754503293e-03 2.297887394164434618e-02 5.557935468030806778e-03 1.438308823719570279e-02 7.355113491022855117e-03 5.000000000000000000e-01 2.299178781557709161e-02 1.232531712969720666e-02 9.143158635124375155e-03 5.066582174474709016e-03 5.313754917582907619e-03 1.285188787393912353e-02 7.320674993192805013e-03 7.854514759197950974e-03 8.612420264822263916e-03 1.656852484476299681e-02 4.796431170553176922e-03 8.816643839064918983e-03 9.980487377800290744e-03 4.418556469553087084e-03 1.155061897089374248e-02 1.293808000879416963e-02 2.641574175140222469e-02 8.234800108388189502e-03 1.236205336135413196e-02 1.364710074176435015e-02 7.672484917846033800e-03 1.114217800226609788e-02 1.129312553732025187e-02 2.014700193235593323e-02 3.970129802500482925e-03 9.938033549294417873e-03 1.061519499530994351e-02 1.364576454792777033e-02 4.413451849721534981e-03 1.437332737074394594e-02 8.987870807470457052e-03 1.207953898328139285e-02 4.201310754049026111e-03 1.504412877966308099e-02 1.380516369772216007e-02 1.189212845236057962e-02 6.131970214619215237e-03
1.550068355677897136e-02 5.620819810456380294e-02 1.318337901326400996e-02 1.456296336120983803e-02 7.822976426912493786e-03 2.299178781557709161e-02 5.000000000000000000e-01 1.034148560277138411e-02 2.107261831039713290e-02 1.094362828375439536e-02 3.772471607925870132e-03 8.177801614114193693e-03 1.976794230930531068e-02 7.620988772389491323e-03 6.385512733480434681e-03 1.587627858155070057e-02 1.658255591908985166e-02 1.269947764283115357e-02 3.423214119612744133e-03 3.248107878014564343e-03 1.005759133286115818e-02 1.222722917824693722e-02 1.469897182066603504e-02 3.295779714945992582e-03 1.245948136928617944e-02 1.010602654561590548e-02 8.825149474207998404e-03 7.269293114902845507e-03 2.162111568839562847e-02 4.660282104400535752e-02 3.844601607352179408e-03 9.924083456085006777e-03 6.382337981210905141e-03 1.127841489665610923e-02 5.337572108733007470e-03 1.880569189569290117e-02 7.942569285572867455e-03 1.016977151050012587e-02 2.910379623518723462e-03 1.285170739158345010e-02 6.139495327898690860e-03 1.064834179922469204e-02 6.037716059207779568e-03
3.613481908574889788e-03 1.573161809627935878e-02 5.676790009523283338e-03 7.869641786759938584e-03 1.265190456818663864e-02 1.232531712969720666e-02 1.034148560277138411e-02 5.000000000000000000e-01 8.475824056288988953e-03 5.699409467392438887e-03 4.908291197724698983e-03 1.544810627401854361e-02 1.317643210428575545e-02 8.327639770690861351e-03 4.972168425603436075e-03 8.686298198308173985e-03 5.623478690128650738e-03 8.127054403853618825e-03 4.816680080209536328e-03 4.436995272356864493e-03 8.677273011513095269e-03 5.657049425761362729e-03 1.512905696556944568e-02 4.392675220746124036e-03 3.009301092163437635e-02 9.554181178650257913e-03 4.815619246128390388e-03 7.437194119946984906e-03 1.181156844710841251e-02 1.597508743846200868e-02 6.474078115801288127e-03 7.585745224133076323e-03 6.464262909122053813e-03 7.607574040512391812e-03 8.836158605937550342e-03 8.569080328265421542e-03 3.390209436537988674e-02 9.710661403381937867e-03 4.182227929312604467e-03 3.175678963383803122e-02 1.057738830158137452e-02 1.059086150501810028e-02 3.007088006937311958e-02
2.154758461586323698e-02 1.047518920855640759e-02 1.219267483125101997e-02 1.336705185209385340e-02 8.856879231466273025e-03 9.143158635124375155e-03 2.107261831039713290e-02 8.475824056288988953e-03 5.000000000000000000e-01 1.193542108287728651e-02 1.266204935931851405e-02 7.890763856103171284e-03 2.666621253365475397e-02 7.791229894854880510e-03 1.144469621060152306e-02 1.228025907646513974e-02 2.220433368545150776e-02 1.389752949550798929e-02 7.900402682480715116e-03 6.615568813489038774e-03 1.075426322246484170e-02 1.215303738004577458e-02 9.840545839833039071e-03 6.779976601778460454e-03 7.157771764691842238e-03 7.634505823793559173e-03 7.452905783968669616e-03 7.284604801095290010e-03 1.403068750483060442e-02 4.674053376424932085e-03 5.850750804488863595e-03 9.426054614654377425e-03 6.242566271873452310e-03 1.346986231418492372e-02 6.781352426805995967e-03 2.802268135038913505e-02 1.596387289753760375e-02 1.729650184665827012e-02 5.817109783129582878e-03 8.595295416352942766e-03 1.028445942931845679e-02 1.161519368033526317e-02 7.628333346667771908e-03
1.618204060630238847e-02 7.034409642934374290e-03 1.511724508113311896e-02 1.768289230540017951e-02 1.070940729270827493e-02 5.066582174474709016e-03 1.094362828375439536e-02 5.699409467392438887e-03 1.193542108287728651e-02 5.000000000000000000e-01 1.275387204240903058e-02 8.296094753809182126e-03 1.285930005314936744e-02 5.777155435741043038e-02 1.460210194513618734e-02 1.352555032012370088e-02 1.083739910142917859e-02 1.149871039157090297e-02 1.234380328067234689e-02 1.001157841367416104e-02 1.334181200234603459e-02 1.905166808211712984e-02 4.250159801565053797e-03 1.043255080271369289e-02 6.925325746603886758e-03 6.656104033701149003e-03 5.114377229331338454e-03 1.057787295195222917e-02 1.097342327693336984e-02 4.461631106110642599e-03 2.122811921153135856e-02 9.390657828605585358e-03 9.600196759984046257e-03 1.372051369680611643e-02 1.099037756693707797e-02 3.825080725361891011e-03 1.369217587482032816e-02 9.435561949791074210e-03 9.622408807132498687e-03 8.046046499632001844e-03 8.736907277862283883e-03 1.425837947360131253e-02 2.098277280968949970e-02
1.255934732700859924e-02 4.065116070417098063e-03 1.010218055936354387e-02 9.329172825019797430e-03 1.147677703053022122e-02 5.313754917582907619e-03 3.772471607925870132e-03 4.908291197724698983e-03 1.266204935931851405e-02 1.275387204240903058e-02 5.000000000000000000e-01 2.982883341416319584e-02 8.862826769789649423e-03 2.036171943180686492e-02 1.073275109279099061e-02 8.664179427494485275e-03 1.033130727952556033e-02 9.548225400310321812e-03 1.264863243394100806e-02 1.761103956330540427e-02 9.182452136554674488e-03 9.759925353565013229e-03 3.146950265159356198e-03 1.106637967549638744e-02 3.416345077892497459e-03 4.822603525543797676e-03 5.278848491851399066e-03 1.009659367995604205e-02 6.421797606702505865e-03 3.630019384414478502e-03 2.018886005477088172e-02 1.276430356515276254e-02 1.629485602964577881e-02 9.879924474117778022e-03 1.071632637688684116e-02 4.367845441735256420e-03 2.043121408877863684e-02 9.239120379975197112e-03 2.751195666176936561e-02 4.508767240215927341e-03 2.493679811817985092e-02 9.837198297186445714e-03 1.046072127680695504e-02
5.203101663862657461e-03 1.078588377741593676e-02 4.922714942889781786e-03 7.931999501684203202e-03 5.157506225294294575e-03 1.285188787393912353e-02 8.177801614114193693e-03 1.544810627401854361e-02 7.890763856103171284e-03 8.296094753809182126e-03 2.982883341416319584e-02 5.000000000000000000e-01 1.101652851506881511e-02 5.502977861642182993e-03 4.811590661441192754e-03 8.207701091673321250e-03 4.905669698380941274e-03 6.095620391279320954e-03 4.395105941280117931e-03 2.005595059478499503e-02 1.405430209034806699e-02 8.136042408288819000e-03 1.181024374948201269e-02 4.345169326922939529e-03 1.728730324960123244e-02 1.155620020396586588e-02 8.086820286312320846e-03 5.018873624493930610e-03 1.169587137437618461e-02 1.169000808077620517e-02 4.738457488931711696e-03 2.164760791099881038e-02 5.064209067671318273e-03 5.722437529804755112e-03 4.476155516573215518e-03 1.234267218110741623e-02 7.885689967073821610e-03 5.486746558253881301e-03 1.105373541566708438e-02 1.654382766299282784e-02 1.351087468416116433e-02 9.057764233781401622e-03 4.798679773167233500e-03
2.078048611244204952e-02 8.642231619613551657e-03 9.914729132868074779e-03 1.469729692628438632e-02 1.230386223647571969e-02 7.320674993192805013e-03 1.976794230930531068e-02 1.317643210428575545e-02 2.666621253365475397e-02 1.285930005314936744e-02 8.862826769789649423e-03 1.101652851506881511e-02 5.000000000000000000e-01 1.144309664405947745e-02 8.227082431574730959e-03 1.408534992343653952e-02 2.514972900110295367e-02 1.559074540409575993e-02 8.740480751965099687e-03 8.238364753072463520e-03 1.544548011621557290e-02 1.202170214909656538e-02 1.367305870330637330e-02 8.493918055763570452e-03 1.333940397529409169e-02 1.107730169940221443e-02 6.083888666894889975e-03 1.160313610063947246e-02 1.495920092127886458e-02 1.107987786430190968e-02 8.485254244728613476e-03 1.174108099773723754e-02 1.076106309596476691e-02 1.158892940461320534e-02 1.198963711796945282e-02 2.466808056451800374e-02 9.593902161865792977e-03 1.790453119933574713e-02 7.970945049510624880e-03 1.197626974616657070e-02 1.099513848129266003e-02 1.321807336210406927e-02 1.305723265532944891e-02
9.926800537331286617e-03 6.863804948850565218e-03 1.542989966252785936e-02 1.373778496585257441e-02 1.278167069540455877e-02 7.854514759197950974e-03 7.620988772389491323e-03 8.327639770690861351e-03 7.791229894854880510e-03 5.777155435741043038e-02 2.036171943180686492e-02 5.502977861642182993e-03 1.144309664405947745e-02 5.000000000000000000e-01 1.012081796196672746e-02 1.339739298280602509e-02 9.825694942112229643e-03 1.344826325980563210e-02 1.019365130315637996e-02 9.596979037601724091e-03 1.014538139589938465e-02 1.517884997672482202e-02 6.346751509278316869e-03 9.742039155520562654e-03 6.407537280935521849e-03 1.051869565518379068e-02 5.791045345325090445e-03 1.306840733347555683e-02 1.037865976550094924e-02 6.423747865318792799e-03 9.985127249083857598e-03 1.244238375115641615e-02 1.203450399574494331e-02 1.297795572679690326e-02 9.336056372510630544e-03 4.271357801016386832e-03 1.585495942904551966e-02 1.736170872736259030e-02 9.821845115351241634e-03 5.574405928285203204e-03 1.240945926827800687e-02 1.265778434768005320e-02 1.488411877645550406e-02
1.700859472932088334e-02 6.826448432628199475e-03 9.889219988426794714e-03 1.200106699780561885e-02 1.412893637865571955e-02 8.612420264822263916e-03 6.385512733480434681e-03 4.972168425603436075e-03 1.144469621060152306e-02 1.460210194513618734e-02 1.073275109279099061e-02 4.811590661441192754e-03 8.227082431574730959e-03 1.012081796196672746e-02 5.000000000000000000e-01 8.327363910683180728e-03 9.319060232020181384e-03 1.877838878005794188e-02 2.352877418751852384e-02 1.494349001098178864e-02 1.244597814969553712e-02 1.605766751739173132e-02 5.074985730992109464e-03 1.894575466362309613e-02 2.557961981613677584e-03 5.701386518512671295e-03 9.352262228002351449e-03 1.753844976787375179e-02 8.424279433162491781e-03 1.426890423955560691e-02 2.717001078494660909e-02 8.471642270949399783e-03 1.816127311181646442e-02 1.720260204762192463e-02 2.142146175291910482e-02 3.704562136344095955e-03 1.491988660005352275e-02 1.669685594691872749e-02 1.444043331421094103e-02 5.205949387783381441e-03 1.415797011938467811e-02 1.351247203232697203e-02 1.054848253945270264e-02
8.356557173481962003e-03 8.022300697029909056e-03 1.281380654328587686e-02 4.601073565048795222e-02 1.265512529809766258e-02 1.656852484476299681e-02 1.587627858155070057e-02 8.686298198308173985e-03 1.228025907646513974e-02 1.352555032012370088e-02 8.664179427494485275e-03 8.207701091673321250e-03 1.408534992343653952e-02 1.339739298280602509e-02 8.327363910683180728e-03 5.000000000000000000e-01 1.170656540900489283e-02 1.681593904053267641e-02 7.910090047688325340e-03 7.911087867085822220e-03 1.461690630368290070e-02 2.751359847303026449e-02 1.041353662695544344e-02 8.204629184453988283e-03 9.433385692914991738e-03 2.527263483665433824e-02 8.549518431851014025e-03 1.245858398428279640e-02 2.134225056190720143e-02 6.822886960034272794e-03 6.994226288342893921e-03 1.465161786081245476e-02 1.313053220760104951e-02 1.597053645037653513e-02 7.523409478861504268e-03 9.920313154100243030e-03 9.242853623816819908e-03 1.544224446127281936e-02 7.699053745285900675e-03 1.133114286749859617e-02 1.419029473567800376e-02 1.460420482219331427e-02 1.075722881096594433e-02
3.204534027885310582e-02 3.720334242347380499e-03 1.250227727222492924e-02 1.233059678043930615e-02 1.060432464204501962e-02 4.796431170553176922e-03 1.658255591908985166e-02 5.623478690128650738e-03 2.220433368545150776e-02 1.083739910142917859e-02 1.033130727952556033e-02 4.905669698380941274e-03 2.514972900110295367e-02 9.825694942112229643e-03 9.319060232020181384e-03 1.170656540900489283e-02 5.000000000000000000e-01 1.945968260941365047e-02 1.890959801320044736e-02 1.481116769698494033e-02 1.263134431174532148e-02 9.206660113328581085e-03 8.412762120860336340e-03 2.086226101351626450e-02 5.681285744839111723e-03 8.819232970112767661e-03 1.263506408230000502e-02 1.293989612079600969e-02 1.041962668499289008e-02 4.409547738551080308e-03 1.020630376136209827e-02 1.562944770913479720e-02 9.683800725159744105e-03 1.208827839446226585e-02 2.536455722373787136e-02 2.124466922984949435e-02 9.949659824042462325e-03 1.256837727453440426e-02 1.972733780026205558e-02 8.217877367485710433e-03 9.339523543565016531e-03 9.178830292852413128e-03 1.057231414405344384e-02
1.711426321529592454e-02 7.224567834447508802e-03 1.360446764868478500e-02 1.656781297052579982e-02 1.294659252852345746e-02 8.816643839064918983e-03 1.269947764283115357e-02 8.127054403853618825e-03 1.389752949550798929e-02 1.149871039157090297e-02 9.548225400310321812e-03 6.095620391279320954e-03 1.559074540409575993e-02 1.344826325980563210e-02 1.877838878005794188e-02 1.681593904053267641e-02 1.945968260941365047e-02 5.000000000000000000e-01 1.207606005522460571e-02 9.270840869740608337e-03 1.388696791796232427e-02 1.486261459916465855e-02 9.303654916670857020e-03 9.647546332557252469e-03 6.853026623056727648e-03 1.264792674952247738e-02 8.910355620524196274e-03 1.346721894280154125e-02 1.369131127767509240e-02 8.550920060848359386e-03 1.143788937158530389e-02 1.543671127780458022e-02 1.241846429206368285e-02 1.574666438673735444e-02 1.081937075778979795e-02 1.076452440389067192e-02 9.998041053120573091e-03 1.398291773963123222e-02 9.227924572122516225e-03 8.761320585630002350e-03 1.349729734399014724e-02 1.298518805810865845e-02 1.146449571279154270e-02
1.555247571727141551e-02 3.129717943599856847e-03 1.058394713775544400e-02 9.090015941587797216e-03 1.517563313374832579e-02 9.980487377800290744e-03 3.423214119612744133e-03 4.816680080209536328e-03 7.900402682480715116e-03 1.234380328067234689e-02 1.264863243394100806e-02 4.395105941280117931e-03 8.740480751965099687e-03 1.019365130315637996e-02 2.352877418751852384e-02 7.910090047688325340e-03 1.890959801320044736e-02 1.207606005522460571e-02 5.000000000000000000e-01 1.815804929325986333e-02 1.514083353093723452e-02 9.351870825720177971e-03 7.183511529655973657e-03 3.518739196143096104e-02 4.811354481509540031e-03 8.015981472454591222e-03 6.456834858460842180e-03 2.011272593824007041e-02 9.696743212745408819e-03 6.134930849729204778e-03 1.598705780669178525e-02 8.680307020747603242e-03 2.616615765061082455e-02 2.247207542415382772e-02 2.396175579029254099e-02 3.261635187175916835e-03 1.099094445886392504e-02 9.921850610132312148e-03 1.165013520098467058e-02 6.735326595214419232e-03 9.717780975706937635e-03 8.893497525400931303e-03 1.182746007675160825e-02
1.276380873515362870e-02 3.114088457265900157e-03 9.091425068763713674e-03 8.607726052350172380e-03 1.849754457548336700e-02 4.418556469553087084e-03 3.248107878014564343e-03 4.436995272356864493e-03 6.615568813489038774e-03 1.001157841367416104e-02 1.761103956330540427e-02 2.005595059478499503e-02 8.238364753072463520e-03 9.596979037601724091e-03 1.494349001098178864e-02 7.911087867085822220e-03 1.481116769698494033e-02 9.270840869740608337e-03 1.815804929325986333e-02 5.000000000000000000e-01 9.060862032456026838e-03 8.549075960189084222e-03 3.121929558430344351e-03 2.171540119673582778e-02 2.786558279293728946e-03 6.279750594661176813e-03 1.114369057735654575e-02 1.935341822990484587e-02 6.245179137631296992e-03 3.866092927210703842e-03 9.725873247514209979e-03 3.139296688303275240e-02 1.476524406819501242e-02 9.797883457085982198e-03 1.715087589247465960e-02 3.783585317011082649e-03 9.867582038002940814e-03 9.243872002340364213e-03 4.047012911819923564e-02 4.889131082358826041e-03 2.441344972560979126e-02 8.562048909951972334e-03 9.332457165427653079e-03
1.001952712667936347e-02 6.921934947881081164e-03 1.260993546748756175e-02 1.545710290319000924e-02 1.056909194529933108e-02 1.155061897089374248e-02 1.005759133286115818e-02 8.677273011513095269e-03 1.075426322246484170e-02 1.334181200234603459e-02 9.182452136554674488e-03 1.405430209034806699e-02 1.544548011621557290e-02 1.014538139589938465e-02 1.244597814969553712e-02 1.461690630368290070e-02 1.263134431174532148e-02 1.388696791796232427e-02 1.514083353093723452e-02 9.060862032456026838e-03 5.000000000000000000e-01 1.244545543007764994e-02 2.887130830407372284e-02 1.463309146501501519e-02 1.257232360527440335e-02 1.446748428992198146e-02 1.119290823243980840e-02 2.848744364349584113e-02 1.782680397895344132e-02 9.910438090397852978e-03 8.192991052920824135e-03 1.501269340180514181e-02 1.374463816319909312e-02 1.588238257118920055e-02 9.030418503067336178e-03 1.024026635937996463e-02 9.227506032791484708e-03 1.037395941706933944e-02 8.438876873330683481e-03 1.431579428524627773e-02 9.788104435641787129e-03 1.207666299426916195e-02 9.765699036518377812e-03
1.345531318051611247e-02 7.730808966386800915e-03 1.386994078338797676e-02 3.406828867612787803e-02 9.873334523989849010e-03 1.293808000879416963e-02 1.222722917824693722e-02 5.657049425761362729e-03 1.215303738004577458e-02 1.905166808211712984e-02 9.759925353565013229e-03 8.136042408288819000e-03 1.202170214909656538e-02 1.517884997672482202e-02 1.605766751739173132e-02 2.751359847303026449e-02 9.206660113328581085e-03 1.486261459916465855e-02 9.351870825720177971e-03 8.549075960189084222e-03 1.244545543007764994e-02 5.000000000000000000e-01 4.516562866151264434e-03 8.751158907723986455e-03 7.022827004072480783e-03 2.572368602309508048e-02 5.866966936374049847e-03 9.506693732765034502e-03 1.315935226506834144e-02 5.763279922220526999e-03 1.486637873898477048e-02 9.264983157048040444e-03 1.166460557906816471e-02 1.317073323690374012e-02 1.040116502562204656e-02 3.980245980156883918e-03 1.422413801992014094e-02 1.315819741260334727e-02 8.404905804331504887e-03 9.537609411801820786e-03 9.371576398295951293e-03 1.405749499025363454e-02 1.043243297533934244e-02
5.086503692930588807e-03 1.318658974336222797e-02 7.516652167312709229e-03 9.103922858989584727e-03 7.818900155089791859e-03 2.641574175140222469e-02 1.469897182066603504e-02 1.512905696556944568e-02 9.840545839833039071e-03 4.250159801565053797e-03 3.146950265159356198e-03 1.181024374948201269e-02 1.367305870330637330e-02 6.346751509278316869e-03 5.074985730992109464e-03 1.041353662695544344e-02 8.412762120860336340e-03 9.303654916670857020e-03 7.183511529655973657e-03 3.121929558430344351e-03 2.887130830407372284e-02 4.516562866151264434e-03 5.000000000000000000e-01 5.608810754279990561e-03 6.605161240284236623e-02 1.127883777747399133e-02 7.350340514979955726e-03 1.191771726715647531e-02 1.613975965943041657e-02 1.570796338056444641e-02 3.627290888251083825e-03 9.374134350025766296e-03 8.434026722716326738e-03 1.038024107119362924e-02 7.097362134059349847e-03 6.230044410570168001e-02 4.896254392830014235e-03 8.103783871677820022e-03 2.592667446405935543e-03 1.664556276122651501e-02 5.409291614402811713e-03 8.752155518749728247e-03 8.390414520075347923e-03
1.337098974543069960e-02 3.057703839660151461e-03 9.850138930425685752e-03 8.838356363424853049e-03 1.504452583981629767e-02 8.234800108388189502e-03 3.295779714945992582e-03 4.392675220746124036e-03 6.779976601778460454e-03 1.043255080271369289e-02 1.106637967549638744e-02 4.345169326922939529e-03 8.493918055763570452e-03 9.742039155520562654e-03 1.894575466362309613e-02 8.204629184453988283e-03 2.086226101351626450e-02 9.647546332557252469e-03 3.518739196143096104e-02 2.171540119673582778e-02 1.463309146501501519e-02 8.751158907723986455e-03 5.608810754279990561e-03 5.000000000000000000e-01 2.285188820505392425e-03 5.262006330291384149e-03 1.458890264902342956e-02 2.773623726292861330e-02 8.698930060934011860e-03 3.955585893033890070e-03 1.081905763326766225e-02 1.234185105601069178e-02 2.295455767111399814e-02 3.225887901189571083e-02 2.290744436647671259e-02 3.590938973444816624e-03 9.849340951573970493e-03 9.691292491907940385e-03 2.536645768559015607e-02 5.386952394280607702e-03 1.397341399679720431e-02 9.303813284929492514e-03 1.027986738821288007e-02
4.779466428437374563e-03 1.094021991455053182e-02 4.143249661927085083e-03 9.172226209215688514e-03 1.501809132809852829e-02 1.236205336135413196e-02 1.245948136928617944e-02 3.009301092163437635e-02 7.157771764691842238e-03 6.925325746603886758e-03 3.416345077892497459e-03 1.728730324960123244e-02 1.333940397529409169e-02 6.407537280935521849e-03 2.557961981613677584e-03 9.433385692914991738e-03 5.681285744839111723e-03 6.853026623056727648e-03 4.811354481509540031e-03 2.786558279293728946e-03 1.257232360527440335e-02 7.022827004072480783e-03 6.605161240284236623e-02 2.285188820505392425e-03 5.000000000000000000e-01 1.373074774088977115e-02 7.178492668791727586e-03 6.120319805031689681e-03 1.803214841902756049e-02 1.353246950676840685e-02 2.697684706487986708e-03 8.977149527492071096e-03 1.117745804205129076e-02 7.219720396150413472e-03 2.856668169655589631e-03 8.528619921876756660e-02 2.258007665589775725e-02 7.920173660154124912e-03 2.596766829357497960e-03 1.460127708814305467e-02 5.601758271852022748e-03 8.907975490486174514e-03 1.364216534576218054e-02
6.136441069587930328e-03 9.765535346421036489e-03 9.574725986109651477e-03 2.826284088479501244e-02 9.039234828946302383e-03 1.364710074176435015e-02 1.010602654561590548e-02 9.554181178650257913e-03 7.634505823793559173e-03 6.656104033701149003e-03 4.822603525543797676e-03 1.155620020396586588e-02 1.107730169940221443e-02 1.051869565518379068e-02 5.701386518512671295e-03 2.527263483665433824e-02 8.819232970112767661e-03 1.264792674952247738e-02 8.015981472454591222e-03 6.279750594661176813e-03 1.446748428992198146e-02 2.572368602309508048e-02 1.127883777747399133e-02 5.262006330291384149e-03 1.373074774088977115e-02 5.000000000000000000e-01 2.215879256253435944e-02 1.009266019535805074e-02 1.294660415291197693e-02 1.130973547816625444e-02 6.619657144571784377e-03 1.572444444010837744e-02 2.181162849108245205e-02 1.296184312911046431e-02 5.526748738956428764e-03 9.615526940218555030e-03 6.349856229282236503e-03 9.557979788651945266e-03 6.122049575923582329e-03 1.153723683617339721e-02 9.417213459536874498e-03 1.381946511631607089e-02 7.949644748820020382e-03
9.431798552706231395e-03 3.332513737048085900e-02 3.018458685943235451e-02 8.719009886631622075e-03 1.000068440214540652e-02 7.672484917846033800e-03 8.825149474207998404e-03 4.815619246128390388e-03 7.452905783968669616e-03 5.114377229331338454e-03 5.278848491851399066e-03 8.086820286312320846e-03 6.083888666894889975e-03 5.791045345325090445e-03 9.352262228002351449e-03 8.549518431851014025e-03 1.263506408230000502e-02 8.910355620524196274e-03 6.456834858460842180e-03 1.114369057735654575e-02 1.119290823243980840e-02 5.866966936374049847e-03 7.350340514979955726e-03 1.458890264902342956e-02 7.178492668791727586e-03 2.215879256253435944e-02 5.000000000000000000e-01 9.662144296338215366e-03 8.084368056676017808e-03 9.158919319160610875e-03 6.658374490063467127e-03 1.499617199119916006e-02 1.064419951185248403e-02 8.399269039386113300e-03 1.078405308869625698e-02 1.032466027874047801e-02 4.939059752548173934e-03 5.511213711214771153e-03 1.433670426816019763e-02 1.045354818058626123e-02 9.439889336230531183e-03 6.118263836123842558e-03 5.594319566370704183e-03
1.177072906060619775e-02 6.605628505719865831e-03 1.335378668661446264e-02 1.279640404854541502e-02 1.675426346186903448e-02 1.114217800226609788e-02 7.269293114902845507e-03 7.437194119946984906e-03 7.284604801095290010e-03 1.057787295195222917e-02 1.009659367995604205e-02 5.018873624493930610e-03 1.160313610063947246e-02 1.306840733347555683e-02 1.753844976787375179e-02 1.245858398428279640e-02 1.293989612079600969e-02 1.346721894280154125e-02 2.011272593824007041e-02 1.935341822990484587e-02 2.848744364349584113e-02 9.506693732765034502e-03 1.191771726715647531e-02 2.773623726292861330e-02 6.120319805031689681e-03 1.009266019535805074e-02 9.662144296338215366e-03 5.000000000000000000e-01 1.281536439715684483e-02 6.805361423242469940e-03 9.149117680486444984e-03 1.277987176809146710e-02 2.244024303897107150e-02 2.042465496246943096e-02 1.393641609028534872e-02 4.076856674448911880e-03 9.329429370892995330e-03 1.279176368287879284e-02 1.869748133922064653e-02 6.898889101162861137e-03 1.574660710834260846e-02 1.159205759482223423e-02 1.127629231827394045e-02
7.551731776627214690e-03 9.406977622128335353e-03 1.069631250983748422e-02 1.576805996279076472e-02 2.993214914253826409e-02 1.129312553732025187e-02 2.162111568839562847e-02 1.181156844710841251e-02 1.403068750483060442e-02 1.097342327693336984e-02 6.421797606702505865e-03 1.169587137437618461e-02 1.495920092127886458e-02 1.037865976550094924e-02 8.424279433162491781e-03 2.134225056190720143e-02 1.041962668499289008e-02 1.369131127767509240e-02 9.696743212745408819e-03 6.245179137631296992e-03 1.782680397895344132e-02 1.315935226506834144e-02 1.613975965943041657e-02 8.698930060934011860e-03 1.803214841902756049e-02 1.294660415291197693e-02 8.084368056676017808e-03 1.281536439715684483e-02 5.000000000000000000e-01 9.042953718306767641e-03 5.602301419972565040e-03 1.315415877448310872e-02 1.278810473056467278e-02 1.420956225899435571e-02 6.099476266693027414e-03 8.740409486709651080e-03 9.511372987036109672e-03 1.040526723414308095e-02 6.276843385621227490e-03 1.187338701446977521e-02 9.396586628034416314e-03 1.159212666640711473e-02 9.653345906616045066e-03
4.149567529509658181e-03 7.529460075674011821e-02 6.151950038311601934e-03 6.263735516353461166e-03 6.137773497526338717e-03 2.014700193235593323e-02 4.660282104400535752e-02 1.597508743846200868e-02 4.674053376424932085e-03 4.461631106110642599e-03 3.630019384414478502e-03 1.169000808077620517e-02 1.107987786430190968e-02 6.423747865318792799e-03 1.426890423955560691e-02 6.822886960034272794e-03 4.409547738551080308e-03 8.550920060848359386e-03 6.134930849729204778e-03 3.866092927210703842e-03 9.910438090397852978e-03 5.763279922220526999e-03 1.570796338056444641e-02 3.955585893033890070e-03 1.353246950676840685e-02 1.130973547816625444e-02 9.158919319160610875e-03 6.805361423242469940e-03 9.042953718306767641e-03 5.000000000000000000e-01 2.295822723535173582e-02 9.307200295191487421e-03 6.067840626986720047e-03 6.571479686201493059e-03 3.500817194783609199e-02 9.780209908646714939e-03 3.710794100289617654e-03 1.126656677686238735e-02 3.747301669242278539e-03 1.354572734694030507e-02 6.095375327510203951e-03 8.924055804551375357e-03 8.596215889647621997e-03
7.619728826900057199e-03 5.249456405342873416e-03 2.480742936832073392e-02 8.136498684938044471e-03 1.078861645645470477e-02 3.970129802500482925e-03 3.844601607352179408e-03 6.474078115801288127e-03 5.850750804488863595e-03 2.122811921153135856e-02 2.018886005477088172e-02 4.738457488931711696e-03 8.485254244728613476e-03 9.985127249083857598e-03 2.717001078494660909e-02 6.994226288342893921e-03 1.020630376136209827e-02 1.143788937158530389e-02 1.598705780669178525e-02 9.725873247514209979e-03 8.192991052920824135e-03 1.486637873898477048e-02 3.627290888251083825e-03 1.081905763326766225e-02 2.697684706487986708e-03 6.619657144571784377e-03 6.658374490063467127e-03 9.149117680486444984e-03 5.602301419972565040e-03 2.295822723535173582e-02 5.000000000000000000e-01 8.919167115461635459e-03 1.976836717041333819e-02 8.717760413710697390e-03 3.044561426427025777e-02 3.059585969668778514e-03 1.161525133402111117e-02 1.259633216836749184e-02 1.071401443713152976e-02 5.902067555880892089e-03 1.046061419105907657e-02 8.061860768289097826e-03 3.761474452200413987e-02
1.029206436291490480e-02 6.931108982320110731e-03 1.232273096782472016e-02 1.483269247857956982e-02 1.217120686529216990e-02 9.938033549294417873e-03 9.924083456085006777e-03 7.585745224133076323e-03 9.426054614654377425e-03 9.390657828605585358e-03 1.276430356515276254e-02 2.164760791099881038e-02 1.174108099773723754e-02 1.244238375115641615e-02 8.471642270949399783e-03 1.465161786081245476e-02 1.562944770913479720e-02 1.543671127780458022e-02 8.680307020747603242e-03 3.139296688303275240e-02 1.501269340180514181e-02 9.264983157048040444e-03 9.374134350025766296e-03 1.234185105601069178e-02 8.977149527492071096e-03 1.572444444010837744e-02 1.499617199119916006e-02 1.277987176809146710e-02 1.315415877448310872e-02 9.307200295191487421e-03 8.919167115461635459e-03 5.000000000000000000e-01 1.265929889896608151e-02 1.443813614115848666e-02 1.230041706108805227e-02 9.878125144903448368e-03 8.215436936106327442e-03 1.168793060781055798e-02 1.803344578734727977e-02 1.211590597892349928e-02 1.884903529817306966e-02 1.115702793448861488e-02 1.074689603483395747e-02
1.243281652750172044e-02 5.934883706668028086e-03 9.822100882851222958e-03 1.389642000939608768e-02 1.723743634399369645e-02 1.061519499530994351e-02 6.382337981210905141e-03 6.464262909122053813e-03 6.242566271873452310e-03 9.600196759984046257e-03 1.629485602964577881e-02 5.064209067671318273e-03 1.076106309596476691e-02 1.203450399574494331e-02 1.816127311181646442e-02 1.313053220760104951e-02 9.683800725159744105e-03 1.241846429206368285e-02 2.616615765061082455e-02 1.476524406819501242e-02 1.374463816319909312e-02 1.166460557906816471e-02 8.434026722716326738e-03 2.295455767111399814e-02 1.117745804205129076e-02 2.181162849108245205e-02 1.064419951185248403e-02 2.244024303897107150e-02 1.278810473056467278e-02 6.067840626986720047e-03 1.976836717041333819e-02 1.265929889896608151e-02 5.000000000000000000e-01 2.275485683634098297e-02 9.593839576740214453e-03 3.563984530944266059e-03 8.768912369355690364e-03 1.140147004752335713e-02 1.535455637876023509e-02 6.431344435752099631e-03 1.559895190040746366e-02 1.096781844088795879e-02 1.080777711341156938e-02
1.349460623366125975e-02 9.021482794705999730e-03 1.222322240142719244e-02 1.659661657848982008e-02 1.233672750033542979e-02 1.364576454792777033e-02 1.127841489665610923e-02 7.607574040512391812e-03 1.346986231418492372e-02 1.372051369680611643e-02 9.879924474117778022e-03 5.722437529804755112e-03 1.158892940461320534e-02 1.297795572679690326e-02 1.720260204762192463e-02 1.597053645037653513e-02 1.208827839446226585e-02 1.574666438673735444e-02 2.247207542415382772e-02 9.797883457085982198e-03 1.588238257118920055e-02 1.317073323690374012e-02 1.038024107119362924e-02 3.225887901189571083e-02 7.219720396150413472e-03 1.296184312911046431e-02 8.399269039386113300e-03 2.042465496246943096e-02 1.420956225899435571e-02 6.571479686201493059e-03 8.717760413710697390e-03 1.443813614115848666e-02 2.275485683634098297e-02 5.000000000000000000e-01 9.086404276388879847e-03 9.143193675279477281e-03 1.376569894386036295e-02 1.537018610059858251e-02 9.646000564947750100e-03 9.128235365616941405e-03 1.536909263972779417e-02 1.695578619551402211e-02 1.091762722786009457e-02
1.032297982960566490e-02 7.608515354176081415e-03 1.083113091039820605e-02 8.532538794124206599e-03 9.651002576435228214e-03 4.413451849721534981e-03 5.337572108733007470e-03 8.836158605937550342e-03 6.781352426805995967e-03 1.099037756693707797e-02 1.071632637688684116e-02 4.476155516573215518e-03 1.198963711796945282e-02 9.336056372510630544e-03 2.142146175291910482e-02 7.523409478861504268e-03 2.536455722373787136e-02 1.081937075778979795e-02 2.396175579029254099e-02 1.715087589247465960e-02 9.030418503067336178e-03 1.040116502562204656e-02 7.097362134059349847e-03 2.290744436647671259e-02 2.856668169655589631e-03 5.526748738956428764e-03 1.078405308869625698e-02 1.393641609028534872e-02 6.099476266693027414e-03 3.500817194783609199e-02 3.044561426427025777e-02 1.230041706108805227e-02 9.593839576740214453e-03 9.086404276388879847e-03 5.000000000000000000e-01 3.157015315664599489e-03 9.812124714715301024e-03 1.518215125417937510e-02 2.195384550694814280e-02 9.503343092639227052e-03 8.983099331244814162e-03 8.468813605662157962e-03 1.425339885191289485e-02
1.661925982786657124e-02 6.367592396313556669e-03 7.160764608605053524e-03 7.010564170510800303e-03 4.835397906866849803e-03 1.437332737074394594e-02 1.880569189569290117e-02 8.569080328265421542e-03 2.802268135038913505e-02 3.825080725361891011e-03 4.367845441735256420e-03 1.234267218110741623e-02 2.466808056451800374e-02 4.271357801016386832e-03 3.704562136344095955e-03 9.920313154100243030e-03 2.124466922984949435e-02 1.076452440389067192e-02 3.261635187175916835e-03 3.783585317011082649e-03 1.024026635937996463e-02 3.980245980156883918e-03 6.230044410570168001e-02 3.590938973444816624e-03 8.528619921876756660e-02 9.615526940218555030e-03 1.032466027874047801e-02 4.076856674448911880e-03 8.740409486709651080e-03 9.780209908646714939e-03 3.059585969668778514e-03 9.878125144903448368e-03 3.563984530944266059e-03 9.143193675279477281e-03 3.157015315664599489e-03 5.000000000000000000e-01 5.165413159913870983e-03 1.497488307963443580e-02 3.604909635007252401e-03 1.409250273106759516e-02 7.817790934184805710e-03 7.743975298682537201e-03 4.006794079114410490e-03
1.247317682167824009e-02 1.102292692814160757e-02 9.510714242869346136e-03 1.291002686269221086e-02 2.354312049115232786e-02 8.987870807470457052e-03 7.942569285572867455e-03 3.390209436537988674e-02 1.596387289753760375e-02 1.369217587482032816e-02 2.043121408877863684e-02 7.885689967073821610e-03 9.593902161865792977e-03 1.585495942904551966e-02 1.491988660005352275e-02 9.242853623816819908e-03 9.949659824042462325e-03 9.998041053120573091e-03 1.099094445886392504e-02 9.867582038002940814e-03 9.227506032791484708e-03 1.422413801992014094e-02 4.896254392830014235e-03 9.849340951573970493e-03 2.258007665589775725e-02 6.349856229282236503e-03 4.939059752548173934e-03 9.329429370892995330e-03 9.511372987036109672e-03 3.710794100289617654e-03 1.161525133402111117e-02 8.215436936106327442e-03 8.768912369355690364e-03 1.376569894386036295e-02 9.812124714715301024e-03 5.165413159913870983e-03 5.000000000000000000e-01 1.293300259702928959e-02 9.406776550803738063e-03 5.915164152093507592e-03 1.435615696658523559e-02 1.507397650052741400e-02 2.188851041082444382e-02
